
% TABLE 7-1 in p. 147
% Data for Adjustment of a Level Net
%

% Distance (km)
dist = [18.1; 9.4; 14.2; 17.6; 13.5; 9.9; 13.8; 14.0]; 

% Elevation difference (m)
dE = [25.42; 10.34; -35.20; -15.54; 21.32; 4.82; -31.02; -26.11];
